0.302196 0.304128 0.313596 0.306336 0.337188 0.309684 0.370992 0.4806312 0.73426248 0.12944892 0.4159944 
0.420084 0.42702 0.152208 0.472080 0.642955 0.540678 0.246420 0.414576 0.432816 0.411107 0.481415 
2.4600E-05 2.4960E-05 1.6696E-05 1.7112E-05 1.3548E-05 1.5876E-05 2.4120E-05 4.6080E-05 8.7240E-05 2.1480E-05 3.1560E-05 
2.4600E-05 2.4960E-05 1.6696E-05 1.7112E-05 1.3548E-05 1.5876E-05 2.4120E-05 4.6080E-05 8.7240E-05 2.1480E-05 3.1560E-05 
383.15 383.15 383.15 383.15 383.15 383.15 383.15 383.15 383.15 383.15 383.15
6.4402E-10 6.4748E-10 4.3955E-10 4.8582E-10 4.1983E-10 4.5497E-10 6.4406E-10 1.2834E-09 2.4257E-09 6.1605E-10 9.4175E-10
46.06 45.64 46.32 49.95 54.52 50.42 46.98 49 48.92 50.46 52.5 
2.0500E-06 2.0800E-06 1.3913E-06 1.4260E-06 1.1290E-06 1.3230E-06 2.0100E-06 3.8400E-06 7.2700E-06 1.7900E-06 2.6300E-06

%Pmet = fila 1  (adimensional - Pi/Pref, Pref = 1 atm)
%PCO2 = fila 2
%PDMC = fila 3
%Pw = fila 4
%T (K) = fila 5  (sin variaciones de temperatura)
%rexp (mol/s) = fila 6
%vo (ml/min) = fila 7
%yexp = fila 8